19.781
19.516
19.25
19.047
18.906
18.75
18.656
18.563
18.516
18.453
18.375
18.281
18.203
18.109
18.016
17.984
18
18.094
18.203
18.438
18.563
18.563
18.5
18.391
18.266
18.188
18.125
18.047
17.969
17.906
17.797
17.766
17.703
17.656
17.625
17.578
17.516
17.5
17.438
17.422
17.438
17.516
17.641
17.828
18.031
18.125
18.938
18.896
18.646
18.375
18.188
18.042
17.917
17.813
17.708
17.604
17.563
17.479
17.391
17.359
17.328
17.297
17.25
17.25
17.313
17.458
17.625
17.708
17.771
17.708
17.625
17.542
17.479
17.438
17.354
17.333
16.859
16.813
16.766
16.766
16.719
16.688
16.625
16.547
16.484
16.453
16.406
16.391
