19
17.79
17.59
17.45
17.31
17.19
17.07
16.98
16.89
16.82
16.76
16.69
16.63
16.57
16.81
16.81
16.93
17.18
17.34
17.59
17.78
17.88
17.82
17.63
17.51
17.44
17.38
17.32
17.27
17.2
17.11
17.01
16.89
16.78
16.7
16.62
16.53
16.45
16.38
16.37
16.43
16.52
16.63
16.7
16.7
16.64
16.54
16.41
16.29
16.2
16.1
15.98
15.85
15.71
15.59
15.47
15.34
15.23
15.13
15.02
15
15
15
15
15
15
15
15
15
15
15
15
15
15
15
15
15
15
15
15
15
15
15
15
15
15


