12
11.81
11.81
11.88
11.75
11.62
11.69
11.62
11.56
11.56
11.44
11.56
9.62
7.88
7.19
7.88
10.06
11.38
12
15.06
15.25
13.94
13.19
12.44
11.88
11.62
11.81
11.19
10.62
10.25
9.69
9.56
9.5
9.75
10.06
10.12
10.06
9.56
9.25
9.5
9.94
10.5
11.62
12.19
12.38
11.94
12
11.06
9.62
8.56
7.81
6.94
6.88
6.25
5.62
4.94
4.62
5.44
4.69
4.19
3.81
3.94
4.5
5.62
7.5
10.5
12.5
13.25
14
12.19
11.06
10.25
10.19
10.38
10.56
10.69
10.62
10.69
10.56
10.62
10.5
9.44
8.88
8.19
8.06
7.62
6.69
6.88
